timestamp,turbine_id,power_output_mean,power_ouput_max,power_output_min
2022-03-01,1,2.975,4.4,1.6
2022-03-01,2,2.983333333333333,4.4,1.6
2022-03-01,3,2.766666666666667,4.5,1.6
2022-03-01,4,2.9318181818181817,4.4,1.5
2022-03-01,5,3.079166666666667,4.5,1.7
2022-03-02,1,3.1956521739130435,4.5,1.9
2022-03-02,2,2.466666666666667,4.2,1.6
2022-03-02,3,2.965217391304348,4.4,1.6
2022-03-02,4,3.139130434782609,4.2,1.5
2022-03-02,5,3.25,4.4,1.9
2022-03-03,1,2.9250000000000003,4.4,1.6
2022-03-03,2,3.158333333333333,4.5,1.5
2022-03-03,3,3.2541666666666664,4.4,1.8
2022-03-03,4,2.8000000000000003,4.3,-1.2
2022-03-03,5,2.9416666666666664,4.3,1.6
2022-03-04,1,2.9875000000000003,4.4,1.5
2022-03-04,2,3.0083333333333333,4.4,1.7
2022-03-04,3,2.8791666666666664,4.2,1.6
2022-03-04,4,3.6625,19.0,1.5
2022-03-04,5,3.0416666666666665,4.3,1.5
2022-03-05,1,3.2458333333333336,4.3,1.6
2022-03-05,2,3.1041666666666665,4.5,1.6
2022-03-05,3,2.620833333333333,4.5,1.6
2022-03-05,4,2.856521739130435,4.5,1.7
2022-03-05,5,3.0041666666666664,4.4,1.6
2022-03-06,1,2.9583333333333335,4.4,1.5
2022-03-06,2,3.1374999999999997,4.3,1.7
2022-03-06,3,3.3000000000000003,4.4,1.7
2022-03-06,4,3.216666666666667,4.5,1.6
2022-03-06,5,3.0083333333333333,4.4,1.5
2022-03-07,1,3.283333333333333,4.3,1.9
2022-03-07,2,3.0,4.4,1.7
2022-03-07,3,2.8083333333333336,4.3,1.5
2022-03-07,4,2.9791666666666665,4.4,1.5
2022-03-07,5,2.9125,4.2,1.6
2022-03-08,1,3.2916666666666665,4.5,1.7
2022-03-08,2,3.079166666666667,4.4,1.6
2022-03-08,3,3.3833333333333333,4.4,1.7
2022-03-08,4,2.8541666666666665,4.5,1.5
2022-03-08,5,3.279166666666667,4.5,2.1
2022-03-09,1,2.8375,4.5,1.5
2022-03-09,2,2.9625,4.4,1.5
2022-03-09,3,3.0,4.4,1.5
2022-03-09,4,2.8666666666666667,4.4,1.8
2022-03-09,5,3.0666666666666664,4.4,1.7
2022-03-10,1,3.1208333333333336,4.3,1.7
2022-03-10,2,2.8166666666666664,4.5,1.6
2022-03-10,3,3.1875,4.5,1.7
2022-03-10,4,3.1875,4.4,1.9
2022-03-10,5,2.829166666666667,4.4,1.5
2022-03-11,1,2.575,4.4,1.5
2022-03-11,2,3.0749999999999997,4.4,1.6
2022-03-11,3,3.0250000000000004,4.4,1.6
2022-03-11,4,2.4791666666666665,4.3,1.5
2022-03-11,5,2.975,4.4,1.5
2022-03-12,1,2.8208333333333333,4.2,1.6
2022-03-12,2,3.0208333333333335,4.5,1.6
2022-03-12,3,3.0708333333333333,4.3,1.6
2022-03-12,4,2.891666666666667,4.5,1.5
2022-03-12,5,2.875,4.1,1.5
2022-03-13,1,2.904166666666667,4.5,1.5
2022-03-13,2,3.0375,4.3,2.0
2022-03-13,3,2.9791666666666665,4.4,1.6
2022-03-13,4,2.920833333333333,4.5,1.5
2022-03-13,5,2.983333333333333,4.5,1.5
2022-03-14,1,3.025,4.3,1.6
2022-03-14,2,3.016666666666667,4.1,1.5
2022-03-14,3,2.8083333333333336,3.9,1.6
2022-03-14,4,2.8541666666666665,4.5,1.6
2022-03-14,5,2.9916666666666667,4.5,1.6
2022-03-15,1,3.0124999999999997,4.4,1.6
2022-03-15,2,3.1125000000000003,4.5,1.5
2022-03-15,3,3.033333333333333,4.5,1.7
2022-03-15,4,3.045833333333333,4.5,1.5
2022-03-15,5,2.8874999999999997,4.5,1.5
2022-03-16,1,2.9791666666666665,4.4,1.6
2022-03-16,2,3.0625,4.3,1.9
2022-03-16,3,2.904166666666667,4.3,1.8
2022-03-16,4,2.8708333333333336,4.4,1.6
2022-03-16,5,3.0833333333333335,4.3,1.8
2022-03-17,1,3.0208333333333335,4.4,1.6
2022-03-17,2,2.875,4.5,1.5
2022-03-17,3,3.25,4.4,1.5
2022-03-17,4,2.9875000000000003,4.5,1.8
2022-03-17,5,2.9125,4.4,1.6
2022-03-18,1,3.1041666666666665,4.5,1.6
2022-03-18,2,2.7375000000000003,4.3,1.5
2022-03-18,3,2.8958333333333335,4.5,1.5
2022-03-18,4,2.954166666666667,4.5,1.6
2022-03-18,5,2.908333333333333,4.2,1.5
2022-03-19,1,3.125,4.5,1.8
2022-03-19,2,2.7875,4.4,1.5
2022-03-19,3,3.1291666666666664,4.5,1.8
2022-03-19,4,2.7583333333333333,4.4,1.5
2022-03-19,5,3.2416666666666667,4.5,2.1
2022-03-20,1,2.716666666666667,3.8,1.6
2022-03-20,2,2.7125,4.5,1.7
2022-03-20,3,2.9583333333333335,4.5,1.7
2022-03-20,4,2.504166666666667,4.2,1.6
2022-03-20,5,3.233333333333333,4.4,1.7
2022-03-21,1,3.15,4.4,1.7
2022-03-21,2,3.158333333333333,4.4,1.7
2022-03-21,3,3.341666666666667,4.4,1.5
2022-03-21,4,2.9499999999999997,4.5,1.6
2022-03-21,5,2.720833333333333,4.2,1.6
2022-03-22,1,2.8125,4.2,1.6
2022-03-22,2,2.920833333333333,4.5,1.6
2022-03-22,3,2.983333333333333,4.5,1.6
2022-03-22,4,3.2125,4.5,1.9
2022-03-22,5,2.829166666666667,4.4,1.8
2022-03-23,1,3.225,4.4,1.7
2022-03-23,2,2.966666666666667,4.3,1.5
2022-03-23,3,2.795833333333333,4.2,1.5
2022-03-23,4,3.3166666666666664,4.5,1.8
2022-03-23,5,2.9333333333333336,4.5,1.6
2022-03-24,1,2.9791666666666665,4.3,1.6
2022-03-24,2,3.158333333333333,4.4,1.6
2022-03-24,3,3.158333333333333,4.4,1.9
2022-03-24,4,3.025,4.5,1.6
2022-03-24,5,3.2083333333333335,4.3,1.5
2022-03-25,1,3.066666666666667,4.4,1.5
2022-03-25,2,2.725,4.3,1.6
2022-03-25,3,3.0375,4.5,1.8
2022-03-25,4,3.2708333333333335,4.3,1.7
2022-03-25,5,3.158333333333333,4.5,1.9
2022-03-26,1,2.8166666666666664,4.5,1.5
2022-03-26,2,2.9875000000000003,4.5,1.5
2022-03-26,3,2.733333333333333,4.4,1.6
2022-03-26,4,2.470833333333333,4.4,1.5
2022-03-26,5,2.9875000000000003,4.1,1.6
2022-03-27,1,3.1,4.4,1.7
2022-03-27,2,3.2416666666666667,4.4,1.5
2022-03-27,3,2.8375,4.4,1.6
2022-03-27,4,2.9499999999999997,4.5,1.6
2022-03-27,5,3.0041666666666664,4.5,1.6
2022-03-28,1,3.0749999999999997,4.5,1.6
2022-03-28,2,2.858333333333333,4.5,1.6
2022-03-28,3,2.6875,4.2,1.6
2022-03-28,4,2.8375,4.4,1.6
2022-03-28,5,3.0041666666666664,4.5,1.6
2022-03-29,1,3.1291666666666664,4.5,1.5
2022-03-29,2,3.0416666666666665,4.3,1.5
2022-03-29,3,2.904166666666667,4.4,1.7
2022-03-29,4,2.8249999999999997,4.2,1.6
2022-03-29,5,3.233333333333333,4.3,1.6
2022-03-30,1,3.0500000000000003,4.4,1.5
2022-03-30,2,3.0500000000000003,4.4,1.7
2022-03-30,3,2.7875,4.5,1.6
2022-03-30,4,3.108333333333333,4.4,1.6
2022-03-30,5,2.9916666666666667,4.5,1.5
2022-03-31,1,2.9583333333333335,4.3,1.6
2022-03-31,2,3.2291666666666665,4.4,1.6
2022-03-31,3,2.8791666666666664,4.3,1.5
2022-03-31,4,3.033333333333333,4.4,1.7
2022-03-31,5,2.9375,4.2,1.5
