timestamp,turbine_id,power_output_mean,power_ouput_max,power_output_min
2022-03-01,11,2.7375000000000003,4.4,1.5
2022-03-01,12,3.158333333333333,4.5,1.6
2022-03-01,13,3.033333333333333,4.3,1.8
2022-03-01,14,2.983333333333333,4.5,1.6
2022-03-01,15,3.3708333333333336,4.5,2.0
2022-03-02,11,3.233333333333333,4.5,1.8
2022-03-02,12,2.983333333333333,4.4,1.6
2022-03-02,13,3.341666666666667,4.5,1.8
2022-03-02,14,2.930434782608696,4.4,1.8
2022-03-02,15,2.9958333333333336,3.9,1.8
2022-03-03,11,3.0541666666666667,4.5,1.6
2022-03-03,12,2.670833333333333,4.2,1.7
2022-03-03,13,2.9458333333333333,4.4,1.6
2022-03-03,14,2.8708333333333336,4.3,1.6
2022-03-03,15,2.970833333333333,4.4,1.6
2022-03-04,11,3.033333333333333,4.3,1.5
2022-03-04,12,2.733333333333333,4.2,1.6
2022-03-04,13,3.1999999999999997,4.5,1.6
2022-03-04,14,2.908333333333333,4.4,1.5
2022-03-04,15,3.1041666666666665,4.2,1.6
2022-03-05,11,2.8375,4.4,1.7
2022-03-05,12,3.283333333333333,4.5,1.6
2022-03-05,13,2.904166666666667,4.5,1.7
2022-03-05,14,2.8083333333333336,4.3,1.5
2022-03-05,15,3.170833333333333,4.5,1.6
2022-03-06,11,2.9375,4.5,1.5
2022-03-06,12,2.9499999999999997,4.2,1.7
2022-03-06,13,2.9166666666666665,4.1,1.6
2022-03-06,14,2.9375,4.5,1.7
2022-03-06,15,3.1041666666666665,4.5,1.5
2022-03-07,11,2.8041666666666667,4.5,1.5
2022-03-07,12,3.0,4.3,1.6
2022-03-07,13,2.904166666666667,4.4,1.7
2022-03-07,14,3.0652173913043477,4.4,1.8
2022-03-07,15,3.045833333333334,4.4,1.5
2022-03-08,11,2.5791666666666666,4.3,1.7
2022-03-08,12,3.3708333333333336,4.2,1.7
2022-03-08,13,3.0749999999999997,4.5,1.5
2022-03-08,14,3.1791666666666667,4.4,1.5
2022-03-08,15,2.85,4.4,1.5
2022-03-09,11,2.704166666666667,4.4,1.6
2022-03-09,12,2.847826086956522,4.2,1.6
2022-03-09,13,3.0041666666666664,4.5,1.5
2022-03-09,14,3.1625,4.3,1.9
2022-03-09,15,3.0041666666666664,4.5,1.5
2022-03-10,11,2.8083333333333336,4.1,1.6
2022-03-10,12,3.341666666666667,4.5,1.6
2022-03-10,13,2.8958333333333335,4.0,1.5
2022-03-10,14,2.858333333333333,4.1,1.6
2022-03-10,15,2.966666666666667,4.0,1.5
2022-03-11,11,2.891666666666667,4.1,1.6
2022-03-11,12,2.904166666666667,4.4,1.6
2022-03-11,13,3.1041666666666665,4.5,1.5
2022-03-11,14,2.9250000000000003,4.4,1.6
2022-03-11,15,2.970833333333333,4.0,1.7
2022-03-12,11,3.225,4.5,2.0
2022-03-12,12,2.6374999999999997,4.2,1.6
2022-03-12,13,3.0375,4.5,1.6
2022-03-12,14,3.095833333333333,4.2,1.6
2022-03-12,15,3.0375,4.4,1.5
2022-03-13,11,3.0041666666666664,4.5,1.5
2022-03-13,12,2.891666666666667,4.5,1.7
2022-03-13,13,3.0875,4.3,1.6
2022-03-13,14,3.0833333333333335,4.4,1.6
2022-03-13,15,3.079166666666667,4.4,1.6
2022-03-14,11,3.1291666666666664,4.2,1.8
2022-03-14,12,3.016666666666667,4.4,1.8
2022-03-14,13,3.329166666666667,4.4,1.6
2022-03-14,14,2.725,4.5,1.7
2022-03-14,15,2.6625,4.1,1.6
2022-03-15,11,2.7708333333333335,4.0,1.5
2022-03-15,12,2.8625000000000003,4.3,1.5
2022-03-15,13,3.170833333333333,4.5,1.6
2022-03-15,14,3.1791666666666667,4.5,1.8
2022-03-15,15,3.1666666666666665,4.5,1.6
2022-03-16,11,3.220833333333333,4.4,1.5
2022-03-16,12,3.1833333333333336,4.3,1.6
2022-03-16,13,3.0833333333333335,4.4,1.7
2022-03-16,14,3.25,4.5,1.6
2022-03-16,15,3.029166666666667,4.4,1.5
2022-03-17,11,2.975,4.4,1.6
2022-03-17,12,3.025,4.4,1.7
2022-03-17,13,2.9250000000000003,4.4,1.6
2022-03-17,14,2.829166666666667,4.4,1.5
2022-03-17,15,3.095833333333333,4.4,1.5
2022-03-18,11,3.0124999999999997,4.5,1.7
2022-03-18,12,3.0541666666666667,4.4,1.8
2022-03-18,13,2.904166666666667,4.5,1.6
2022-03-18,14,3.1,4.5,1.6
2022-03-18,15,3.295833333333333,4.4,1.7
2022-03-19,11,2.7916666666666665,4.2,1.6
2022-03-19,12,3.3874999999999997,4.5,1.6
2022-03-19,13,3.0583333333333336,4.5,1.7
2022-03-19,14,3.125,4.5,1.5
2022-03-19,15,2.7125,4.3,1.5
2022-03-20,11,3.3541666666666665,4.5,2.1
2022-03-20,12,3.1166666666666667,4.4,1.6
2022-03-20,13,3.1291666666666664,4.5,1.6
2022-03-20,14,3.1875,4.4,1.6
2022-03-20,15,2.9625,4.5,1.6
2022-03-21,11,3.0375,4.5,1.5
2022-03-21,12,3.1833333333333336,4.5,1.5
2022-03-21,13,3.0375,4.5,1.5
2022-03-21,14,3.329166666666667,4.5,1.6
2022-03-21,15,3.0541666666666667,4.3,1.5
2022-03-22,11,2.5541666666666667,4.5,1.5
2022-03-22,12,3.1999999999999997,4.4,1.6
2022-03-22,13,3.0416666666666665,4.4,1.6
2022-03-22,14,2.841666666666667,4.5,1.9
2022-03-22,15,2.9958333333333336,4.5,1.6
2022-03-23,11,3.016666666666667,4.5,1.7
2022-03-23,12,3.0041666666666664,4.4,1.5
2022-03-23,13,3.266666666666666,4.4,1.6
2022-03-23,14,2.9625000000000004,4.5,1.5
2022-03-23,15,3.141666666666667,4.4,1.6
2022-03-24,11,3.154166666666667,4.3,1.8
2022-03-24,12,3.170833333333333,4.4,1.6
2022-03-24,13,2.6625,4.0,1.6
2022-03-24,14,3.275,4.4,1.7
2022-03-24,15,2.954166666666667,4.4,1.8
2022-03-25,11,2.7416666666666667,4.2,1.5
2022-03-25,12,3.2291666666666665,4.5,1.7
2022-03-25,13,2.9416666666666664,4.4,1.5
2022-03-25,14,2.904166666666667,4.4,1.5
2022-03-25,15,3.2125,4.4,1.6
2022-03-26,11,3.3541666666666665,4.5,1.6
2022-03-26,12,3.0208333333333335,4.5,1.6
2022-03-26,13,2.9416666666666664,4.4,1.6
2022-03-26,14,3.0124999999999997,4.4,1.7
2022-03-26,15,3.141666666666667,4.5,1.7
2022-03-27,11,2.9458333333333333,4.3,1.6
2022-03-27,12,2.858333333333333,4.3,1.5
2022-03-27,13,2.970833333333333,4.5,1.5
2022-03-27,14,2.966666666666667,4.0,1.6
2022-03-27,15,2.9916666666666667,4.5,1.6
2022-03-28,11,3.0208333333333335,4.4,1.6
2022-03-28,12,3.0375,4.4,1.7
2022-03-28,13,2.9458333333333333,4.4,1.6
2022-03-28,14,2.9416666666666664,4.2,1.5
2022-03-28,15,3.1166666666666667,4.3,1.7
2022-03-29,11,2.7541666666666664,4.4,1.5
2022-03-29,12,3.1916666666666664,4.3,1.7
2022-03-29,13,2.8041666666666667,4.5,1.7
2022-03-29,14,2.8833333333333333,4.5,1.6
2022-03-29,15,3.2083333333333335,4.5,1.6
2022-03-30,11,3.1625,4.3,1.7
2022-03-30,12,3.2416666666666667,4.5,1.8
2022-03-30,13,3.0041666666666664,4.5,1.7
2022-03-30,14,2.8874999999999997,4.4,1.5
2022-03-30,15,2.8000000000000003,4.3,1.5
2022-03-31,11,2.8874999999999997,4.3,1.5
2022-03-31,12,2.983333333333333,4.4,1.6
2022-03-31,13,3.3041666666666667,4.5,1.6
2022-03-31,14,3.3041666666666667,4.3,1.6
2022-03-31,15,2.9166666666666665,4.4,1.7
