timestamp,turbine_id,power_output_mean,power_ouput_max,power_output_min
2022-03-01,6,2.908333333333333,4.5,1.5
2022-03-01,7,3.0875,4.5,1.6
2022-03-01,8,3.016666666666667,4.4,1.6
2022-03-01,9,2.760869565217391,4.3,1.5
2022-03-01,10,3.125,4.5,1.5
2022-03-02,6,3.0541666666666667,4.5,1.5
2022-03-02,7,3.0208333333333335,4.3,1.6
2022-03-02,8,2.845833333333333,4.4,1.7
2022-03-02,9,2.7375000000000003,4.3,1.6
2022-03-02,10,3.1666666666666665,4.3,2.0
2022-03-03,6,3.1833333333333336,4.3,1.5
2022-03-03,7,3.1999999999999997,4.4,1.9
2022-03-03,8,3.0666666666666664,4.5,1.6
2022-03-03,9,2.975,4.4,1.6
2022-03-03,10,3.141666666666667,4.4,1.6
2022-03-04,6,3.1666666666666665,4.5,1.8
2022-03-04,7,3.0083333333333333,4.3,1.5
2022-03-04,8,2.529166666666667,4.1,1.5
2022-03-04,9,3.0043478260869563,4.5,1.8
2022-03-04,10,2.9499999999999997,4.4,1.6
2022-03-05,6,3.091666666666667,4.4,1.6
2022-03-05,7,2.704166666666667,4.5,1.7
2022-03-05,8,2.6333333333333333,3.9,1.6
2022-03-05,9,3.0304347826086957,4.5,1.5
2022-03-05,10,2.720833333333333,4.3,1.6
2022-03-06,6,2.966666666666667,4.1,1.6
2022-03-06,7,2.920833333333333,4.4,1.6
2022-03-06,8,2.920833333333333,4.4,1.5
2022-03-06,9,3.0583333333333336,4.4,1.6
2022-03-06,10,2.766666666666667,4.5,1.6
2022-03-07,6,3.0083333333333333,4.4,1.9
2022-03-07,7,3.266666666666667,4.5,1.6
2022-03-07,8,2.9375,4.4,1.5
2022-03-07,9,3.045833333333333,4.4,1.7
2022-03-07,10,2.841666666666667,4.3,1.7
2022-03-08,6,2.9,4.5,1.5
2022-03-08,7,2.9583333333333335,4.4,1.8
2022-03-08,8,3.1999999999999997,4.4,1.5
2022-03-08,9,3.104347826086957,4.4,1.6
2022-03-08,10,3.045833333333333,4.3,1.5
2022-03-09,6,2.816666666666667,4.5,1.5
2022-03-09,7,2.85,4.1,1.5
2022-03-09,8,2.841666666666667,4.4,1.5
2022-03-09,9,3.0565217391304347,4.5,1.6
2022-03-09,10,2.8874999999999997,4.3,1.7
2022-03-10,6,2.6791666666666667,4.4,1.5
2022-03-10,7,3.025,4.3,1.7
2022-03-10,8,3.2458333333333336,4.4,1.6
2022-03-10,9,2.9347826086956523,4.3,1.5
2022-03-10,10,3.0375,4.5,1.5
2022-03-11,6,3.0583333333333336,4.2,1.6
2022-03-11,7,3.1791666666666667,4.5,1.6
2022-03-11,8,3.225,4.4,1.7
2022-03-11,9,3.154166666666667,4.4,1.6
2022-03-11,10,3.0708333333333333,4.4,1.8
2022-03-12,6,3.0208333333333335,4.4,1.5
2022-03-12,7,2.908333333333333,4.4,1.6
2022-03-12,8,3.1166666666666667,4.2,1.8
2022-03-12,9,3.095833333333333,4.5,1.5
2022-03-12,10,2.9333333333333336,4.5,1.6
2022-03-13,6,2.908333333333333,4.2,1.5
2022-03-13,7,2.725,4.5,1.6
2022-03-13,8,3.095833333333333,4.5,1.5
2022-03-13,9,3.220833333333333,4.5,1.6
2022-03-13,10,2.845833333333333,4.4,1.6
2022-03-14,6,3.2416666666666667,4.4,1.7
2022-03-14,7,3.1208333333333336,4.5,1.6
2022-03-14,8,2.9375,4.5,1.8
2022-03-14,9,2.6833333333333336,4.3,1.5
2022-03-14,10,3.0583333333333336,4.5,1.5
2022-03-15,6,3.170833333333334,4.5,1.9
2022-03-15,7,3.0749999999999997,4.4,1.5
2022-03-15,8,3.170833333333333,4.5,1.6
2022-03-15,9,3.470833333333333,4.5,1.7
2022-03-15,10,3.025,4.3,1.7
2022-03-16,6,2.875,4.5,1.6
2022-03-16,7,3.1333333333333333,4.5,1.6
2022-03-16,8,3.2375000000000003,4.5,2.2
2022-03-16,9,2.9791666666666665,4.0,1.7
2022-03-16,10,3.0625,4.5,1.5
2022-03-17,6,2.6666666666666665,4.4,1.5
2022-03-17,7,2.891666666666667,4.4,1.6
2022-03-17,8,2.720833333333333,4.3,1.6
2022-03-17,9,3.2416666666666667,4.5,1.5
2022-03-17,10,2.7416666666666667,4.3,1.6
2022-03-18,6,3.095833333333333,4.3,1.5
2022-03-18,7,3.0208333333333335,4.4,1.6
2022-03-18,8,2.9166666666666665,4.4,1.5
2022-03-18,9,2.9291666666666667,4.5,1.6
2022-03-18,10,3.141666666666667,4.3,1.9
2022-03-19,6,2.65,4.1,1.6
2022-03-19,7,3.25,4.5,1.5
2022-03-19,8,2.845833333333333,4.5,1.5
2022-03-19,9,3.279166666666667,4.4,2.1
2022-03-19,10,3.1875,4.4,1.5
2022-03-20,6,2.6999999999999997,4.4,1.6
2022-03-20,7,3.0041666666666664,4.5,1.8
2022-03-20,8,3.125,4.4,1.6
2022-03-20,9,2.891666666666667,4.5,1.5
2022-03-20,10,3.0541666666666667,4.3,1.6
2022-03-21,6,2.8375,4.3,1.6
2022-03-21,7,2.9875000000000003,4.4,1.6
2022-03-21,8,2.7875,4.1,1.5
2022-03-21,9,2.795833333333333,4.3,1.5
2022-03-21,10,2.8083333333333336,4.3,1.6
2022-03-22,6,3.1666666666666665,4.3,1.7
2022-03-22,7,3.1333333333333333,4.3,1.5
2022-03-22,8,2.8249999999999997,4.4,1.6
2022-03-22,9,2.9125,4.4,1.5
2022-03-22,10,2.8958333333333335,4.4,1.5
2022-03-23,6,3.2916666666666665,4.5,1.5
2022-03-23,7,2.704166666666667,4.4,1.5
2022-03-23,8,3.1750000000000003,4.5,1.6
2022-03-23,9,2.6875,4.1,1.5
2022-03-23,10,3.0666666666666664,4.5,1.8
2022-03-24,6,3.25,4.5,1.6
2022-03-24,7,2.75,4.4,1.5
2022-03-24,8,2.9,4.3,1.5
2022-03-24,9,2.795833333333333,4.5,1.5
2022-03-24,10,3.1625,4.4,1.5
2022-03-25,6,3.079166666666667,4.4,1.7
2022-03-25,7,3.225,4.4,1.9
2022-03-25,8,3.0041666666666664,4.2,1.5
2022-03-25,9,3.2375000000000003,4.4,1.6
2022-03-25,10,3.141666666666667,4.5,1.5
2022-03-26,6,3.0124999999999997,4.5,1.7
2022-03-26,7,3.204166666666666,4.3,1.6
2022-03-26,8,2.845833333333333,4.3,1.6
2022-03-26,9,3.220833333333333,4.5,1.5
2022-03-26,10,2.9166666666666665,4.3,2.0
2022-03-27,6,3.1625,4.5,1.6
2022-03-27,7,2.983333333333333,4.4,1.5
2022-03-27,8,2.954166666666667,4.1,1.6
2022-03-27,9,3.2291666666666665,4.3,1.5
2022-03-27,10,3.2125,4.4,1.5
2022-03-28,6,2.9375,4.3,1.5
2022-03-28,7,3.025,4.5,1.8
2022-03-28,8,3.0749999999999997,4.4,1.6
2022-03-28,9,2.8333333333333335,4.2,1.6
2022-03-28,10,3.233333333333333,4.5,1.5
2022-03-29,6,2.9125,4.5,1.6
2022-03-29,7,3.0083333333333333,4.4,1.5
2022-03-29,8,2.875,4.4,1.5
2022-03-29,9,2.5749999999999997,4.1,1.6
2022-03-29,10,3.216666666666667,4.4,1.6
2022-03-30,6,2.954166666666667,4.5,1.6
2022-03-30,7,3.2541666666666664,4.4,1.8
2022-03-30,8,3.0625,4.4,1.6
2022-03-30,9,2.829166666666667,4.2,1.5
2022-03-30,10,3.025,4.4,1.7
2022-03-31,6,2.733333333333333,4.0,1.6
2022-03-31,7,2.766666666666667,4.3,1.6
2022-03-31,8,3.3958333333333335,4.4,1.7
2022-03-31,9,3.275,4.3,1.6
2022-03-31,10,2.704166666666667,4.3,1.6
